     5.0000       196
     5.1000       210
     5.2000       194
     5.3000       214
     5.4000       202
     5.5000       192
     5.6000       194
     5.7000       196
     5.8000       198
     5.9000       198
     6.0000       228
     6.1000       214
     6.2000       210
     6.3000       210
     6.4000       226
     6.5000       186
     6.6000       230
     6.7000       244
     6.8000       206
     6.9000       214
     7.0000       244
     7.1000       242
     7.2000       272
     7.3000       272
     7.4000       244
     7.5000       256
     7.6000       264
     7.7000       250
     7.8000       238
     7.9000       282
     8.0000       270
     8.1000       284
     8.2000       278
     8.3000       266
     8.4000       270
     8.5000       268
     8.6000       282
     8.7000       258
     8.8000       272
     8.9000       264
     9.0000       276
     9.1000       280
     9.2000       266
     9.3000       280
     9.4000       292
     9.5000       276
     9.6000       296
     9.7000       290
     9.8000       284
     9.9000       304
    10.0000       306
    10.1000       316
    10.2000       274
    10.3000       338
    10.4000       332
    10.5000       330
    10.6000       350
    10.7000       400
    10.8000       388
    10.9000       438
    11.0000       578
    11.1000       814
    11.2000      1146
    11.3000      1982
    11.4000      3278
    11.5000      3476
    11.6000      1336
    11.7000       582
    11.8000       478
    11.9000       416
    12.0000       372
    12.1000       318
    12.2000       394
    12.3000       362
    12.4000       372
    12.5000       348
    12.6000       336
    12.7000       354
    12.8000       366
    12.9000       346
    13.0000       362
    13.1000       350
    13.2000       340
    13.3000       342
    13.4000       372
    13.5000       354
    13.6000       328
    13.7000       350
    13.8000       324
    13.9000       342
    14.0000       346
    14.1000       336
    14.2000       370
    14.3000       364
    14.4000       362
    14.5000       320
    14.6000       334
    14.7000       400
    14.8000       330
    14.9000       330
    15.0000       312
    15.1000       374
    15.2000       324
    15.3000       364
    15.4000       382
    15.5000       348
    15.6000       348
    15.7000       336
    15.8000       364
    15.9000       338
    16.0000       338
    16.1000       356
    16.2000       310
    16.3000       376
    16.4000       376
    16.5000       408
    16.6000       482
    16.7000       590
    16.8000       812
    16.9000       602
    17.0000       446
    17.1000       350
    17.2000       350
    17.3000       344
    17.4000       298
    17.5000       344
    17.6000       330
    17.7000       332
    17.8000       346
    17.9000       348
    18.0000       386
    18.1000       346
    18.2000       322
    18.3000       336
    18.4000       322
    18.5000       350
    18.6000       314
    18.7000       360
    18.8000       358
    18.9000       348
    19.0000       376
    19.1000       340
    19.2000       342
    19.3000       348
    19.4000       350
    19.5000       324
    19.6000       334
    19.7000       322
    19.8000       348
    19.9000       338
    20.0000       340
    20.1000       346
    20.2000       328
    20.3000       334
    20.4000       352
    20.5000       338
    20.6000       346
    20.7000       320
    20.8000       312
    20.9000       356
    21.0000       344
    21.1000       334
    21.2000       332
    21.3000       344
    21.4000       336
    21.5000       334
    21.6000       340
    21.7000       336
    21.8000       356
    21.9000       376
    22.0000       394
    22.1000       456
    22.2000       630
    22.3000       928
    22.4000       856
    22.5000       512
    22.6000       486
    22.7000       580
    22.8000       736
    22.9000       522
    23.0000       366
    23.1000       334
    23.2000       362
    23.3000       370
    23.4000       334
    23.5000       368
    23.6000       326
    23.7000       362
    23.8000       334
    23.9000       352
    24.0000       372
    24.1000       332
    24.2000       320
    24.3000       350
    24.4000       356
    24.5000       374
    24.6000       374
    24.7000       342
    24.8000       436
    24.9000       554
    25.0000       846
    25.1000      1000
    25.2000       678
    25.3000       446
    25.4000       370
    25.5000       360
    25.6000       346
    25.7000       366
    25.8000       352
    25.9000       366
    26.0000       352
    26.1000       342
    26.2000       334
    26.3000       354
    26.4000       328
    26.5000       352
    26.6000       328
    26.7000       336
    26.8000       334
    26.9000       382
    27.0000       320
    27.1000       356
    27.2000       386
    27.3000       358
    27.4000       336
    27.5000       346
    27.6000       308
    27.7000       364
    27.8000       356
    27.9000       384
    28.0000       358
    28.1000       394
    28.2000       502
    28.3000       770
    28.4000      1132
    28.5000       716
    28.6000       456
    28.7000       404
    28.8000       340
    28.9000       376
    29.0000       344
    29.1000       366
    29.2000       398
    29.3000       372
    29.4000       336
    29.5000       352
    29.6000       344
    29.7000       344
    29.8000       406
    29.9000       384
    30.0000       404
    30.1000       362
    30.2000       366
    30.3000       430
    30.4000       520
    30.5000       676
    30.6000       990
    30.7000       894
    30.8000       500
    30.9000       422
    31.0000       460
    31.1000       566
    31.2000       806
    31.3000      1168
    31.4000      1022
    31.5000       576
    31.6000       466
    31.7000       400
    31.8000       388
    31.9000       382
    32.0000       346
    32.1000       348
    32.2000       340
    32.3000       338
    32.4000       362
    32.5000       358
    32.6000       410
    32.7000       398
    32.8000       448
    32.9000       728
    33.0000      1102
    33.1000      1442
    33.2000       980
    33.3000       556
    33.4000       448
    33.5000       570
    33.6000       904
    33.7000      1648
    33.8000      1632
    33.9000       892
    34.0000       474
    34.1000       438
    34.2000       432
    34.3000       480
    34.4000       522
    34.5000       606
    34.6000       792
    34.7000      1048
    34.8000       774
    34.9000       474
    35.0000       418
    35.1000       390
    35.2000       378
    35.3000       370
    35.4000       366
    35.5000       362
    35.6000       366
    35.7000       352
    35.8000       356
    35.9000       350
    36.0000       390
    36.1000       376
    36.2000       362
    36.3000       386
    36.4000       450
    36.5000       488
    36.6000       560
    36.7000       536
    36.8000       412
    36.9000       382
    37.0000       396
    37.1000       422
    37.2000       374
    37.3000       338
    37.4000       334
    37.5000       352
    37.6000       374
    37.7000       402
    37.8000       376
    37.9000       470
    38.0000       784
    38.1000      1184
    38.2000      1006
    38.3000       614
    38.4000       444
    38.5000       352
    38.6000       368
    38.7000       328
    38.8000       340
    38.9000       364
    39.0000       358
    39.1000       354
    39.2000       364
    39.3000       314
    39.4000       324
    39.5000       348
    39.6000       360
    39.7000       354
    39.8000       374
    39.9000       364
    40.0000       310
    40.1000       326
    40.2000       372
    40.3000       366
    40.4000       336
    40.5000       346
    40.6000       314
    40.7000       334
    40.8000       340
    40.9000       328
    41.0000       300
    41.1000       344
    41.2000       386
    41.3000       330
    41.4000       342
    41.5000       340
    41.6000       374
    41.7000       402
    41.8000       468
    41.9000       436
    42.0000       384
    42.1000       370
    42.2000       352
    42.3000       344
    42.4000       350
    42.5000       364
    42.6000       350
    42.7000       306
    42.8000       364
    42.9000       350
    43.0000       360
    43.1000       316
    43.2000       358
    43.3000       348
    43.4000       358
    43.5000       348
    43.6000       334
    43.7000       372
    43.8000       372
    43.9000       402
    44.0000       414
    44.1000       412
    44.2000       360
    44.3000       396
    44.4000       336
    44.5000       386
    44.6000       386
    44.7000       402
    44.8000       504
    44.9000       668
    45.0000       924
    45.1000       902
    45.2000       798
    45.3000       630
    45.4000       490
    45.5000       416
    45.6000       374
    45.7000       356
    45.8000       366
    45.9000       364
    46.0000       382
    46.1000       384
    46.2000       478
    46.3000       528
    46.4000       504
    46.5000       488
    46.6000       520
    46.7000       456
    46.8000       408
    46.9000       360
    47.0000       326
    47.1000       338
    47.2000       346
    47.3000       332
    47.4000       328
    47.5000       368
    47.6000       364
    47.7000       340
    47.8000       378
    47.9000       382
    48.0000       480
    48.1000       492
    48.2000       422
    48.3000       400
    48.4000       382
    48.5000       340
    48.6000       330
    48.7000       334
    48.8000       334
    48.9000       308
    49.0000       358
    49.1000       336
    49.2000       326
    49.3000       376
    49.4000       356
    49.5000       310
    49.6000       332
    49.7000       342
    49.8000       364
    49.9000       370
    50.0000       450
    50.1000       374
    50.2000       382
    50.3000       342
    50.4000       348
    50.5000       372
    50.6000       354
    50.7000       364
    50.8000       358
    50.9000       380
    51.0000       388
    51.1000       474
    51.2000       494
    51.3000       574
    51.4000       476
    51.5000       450
    51.6000       442
    51.7000       452
    51.8000       490
    51.9000       642
    52.0000       600
    52.1000       496
    52.2000       394
    52.3000       376
    52.4000       356
    52.5000       366
    52.6000       328
    52.7000       338
    52.8000       376
    52.9000       380
    53.0000       384
    53.1000       352
    53.2000       360
    53.3000       358
    53.4000       380
    53.5000       338
    53.6000       366
    53.7000       344
    53.8000       398
    53.9000       404
    54.0000       486
    54.1000       608
    54.2000       706
    54.3000       808
    54.4000       778
    54.5000       612
    54.6000       452
    54.7000       386
    54.8000       338
    54.9000       408
    55.0000       402
    55.1000       432
    55.2000       352
    55.3000       354
    55.4000       376
    55.5000       392
    55.6000       432
    55.7000       404
    55.8000       328
    55.9000       322
    56.0000       334
    56.1000       338
    56.2000       362
    56.3000       370
    56.4000       366
    56.5000       348
    56.6000       322
    56.7000       326
    56.8000       330
    56.9000       356
    57.0000       376
    57.1000       392
    57.2000       374
    57.3000       360
    57.4000       342
    57.5000       348
    57.6000       380
    57.7000       342
    57.8000       340
    57.9000       384
    58.0000       404
    58.1000       426
    58.2000       462
    58.3000       752
    58.4000      1016
    58.5000       930
    58.6000       698
    58.7000       524
    58.8000       420
    58.9000       388
    59.0000       372
    59.1000       358
    59.2000       402
    59.3000       432
    59.4000       424
    59.5000       488
    59.6000       658
    59.7000       616
    59.8000       576
    59.9000       492
    60.0000       386
    60.1000       348
    60.2000       332
    60.3000       348
    60.4000       360
    60.5000       368
    60.6000       366
    60.7000       360
    60.8000       354
    60.9000       388
    61.0000       396
    61.1000       464
    61.2000       596
    61.3000       760
    61.4000       646
    61.5000       532
    61.6000       418
    61.7000       380
    61.8000       448
    61.9000       478
    62.0000       486
    62.1000       448
    62.2000       402
    62.3000       372
    62.4000       338
    62.5000       338
    62.6000       348
    62.7000       370
    62.8000       346
    62.9000       336
    63.0000       380
    63.1000       322
    63.2000       402
    63.3000       400
    63.4000       442
    63.5000       352
    63.6000       386
    63.7000       344
    63.8000       370
    63.9000       382
    64.0000       342
    64.1000       332
    64.2000       352
    64.3000       354
    64.4000       396
    64.5000       402
    64.6000       360
    64.7000       370
    64.8000       384
    64.9000       398
    65.0000       470
    65.1000       380
    65.2000       384
    65.3000       370
    65.4000       352
    65.5000       370
    65.6000       322
    65.7000       362
    65.8000       366
    65.9000       358
    66.0000       334
    66.1000       318
    66.2000       342
    66.3000       356
    66.4000       362
    66.5000       314
    66.6000       314
    66.7000       350
    66.8000       348
    66.9000       348
    67.0000       354
    67.1000       306
    67.2000       370
    67.3000       368
    67.4000       340
    67.5000       388
    67.6000       436
    67.7000       396
    67.8000       408
    67.9000       380
    68.0000       348
    68.1000       356
    68.2000       360
    68.3000       352
    68.4000       342
    68.5000       400
    68.6000       482
    68.7000       420
    68.8000       440
    68.9000       428
    69.0000       428
    69.1000       400
    69.2000       388
    69.3000       416
    69.4000       412
    69.5000       414
    69.6000       460
    69.7000       388
    69.8000       402
    69.9000       368
    70.0000       344
    70.1000       348
    70.2000       384
    70.3000       364
    70.4000       380
    70.5000       340
    70.6000       320
    70.7000       330
    70.8000       344
    70.9000       298
    71.0000       310
    71.1000       348
    71.2000       368
    71.3000       304
    71.4000       342
    71.5000       374
    71.6000       392
    71.7000       408
    71.8000       430
    71.9000       402
    72.0000       358
    72.1000       368
    72.2000       348
    72.3000       322
    72.4000       350
    72.5000       378
    72.6000       332
    72.7000       396
    72.8000       442
    72.9000       464
    73.0000       428
    73.1000       340
    73.2000       332
    73.3000       344
    73.4000       362
    73.5000       338
    73.6000       334
    73.7000       318
    73.8000       346
    73.9000       356
    74.0000       362
    74.1000       332
    74.2000       342
    74.3000       398
    74.4000       386
    74.5000       344
    74.6000       348
    74.7000       332
    74.8000       356
    74.9000       358
    75.0000       364
    75.1000       360
    75.2000       338
    75.3000       324
    75.4000       358
    75.5000       308
    75.6000       366
    75.7000       316
    75.8000       324
    75.9000       326
    76.0000       364
    76.1000       330
    76.2000       350
    76.3000       340
    76.4000       358
    76.5000       310
    76.6000       322
    76.7000       372
    76.8000       396
    76.9000       370
    77.0000       400
    77.1000       382
    77.2000       396
    77.3000       418
    77.4000       466
    77.5000       442
    77.6000       422
    77.7000       388
    77.8000       416
    77.9000       342
    78.0000       368
    78.1000       342
    78.2000       330
    78.3000       360
    78.4000       350
    78.5000       344
    78.6000       376
    78.7000       374
    78.8000       376
    78.9000       336
    79.0000       372
    79.1000       334
    79.2000       350
    79.3000       328
    79.4000       350
    79.5000       324
    79.6000       360
    79.7000       332
    79.8000       352
    79.9000       364
    80.0000       368
